P7;100;100;160;220;540
8456;8466;8468;8477;8487;8491;8499;8511;8515;8511;8514;8521;8524;8546;8574;8575;8559;8563;8575;8565;8549;8563;8586;8581;8581;8600;8613;8625;8637;8634;8632;8636;8665;8669;8676;8678;8671;8667;8670;8664;8670;8691;8699;8692;8697;8713;8727;8731;8723;8726;8745;8757;8757;8761;8764;8852;8859;8856;8854;8849;8845;8849;8853;8863;8873;8879;8879;8877;8878;8882;8884;8886;8886;8879;8872;8880;8881;8862;8847;8854;8850;8833;8833;8844;8848;8848;8848;8847;8844;8847;8846;8831;8817;8820;8824;8820;8818;8817;8820;8824;8811;8793;8790;8790;8788;8792;8785;8774;8780;8777;8756;8755;8750;8750;8754;8536;8538;8538;8529;8519;8514;8511;8514;8516;8502;8494;8508;8515;8509;8511;8508;8485;8474;8480;8486;8489;8488;8488;
F3;100;100;270;110;540
8717;8721;8725;8709;8700;8721;8735;8729;8737;8750;8742;8722;8714;8729;8730;8713;8714;8729;8716;8692;8698;8717;8740;8754;8751;8740;8731;8728;8732;8728;8720;8724;8737;8743;8736;8739;8753;8756;8749;8753;8773;8796;8797;8789;8793;8802;8815;8828;8827;8822;8830;8845;8862;8874;8863;8857;8854;8844;8855;8857;8855;8869;8887;8890;8879;8868;8865;8870;8879;8882;8868;8849;8843;8846;8846;8847;8845;8837;8829;8829;8827;8820;8828;8838;8837;8837;8836;8819;8805;8821;8845;8846;8841;8840;8831;8829;8829;8817;8811;8828;8841;8853;8870;8867;8853;8853;8852;8845;8846;8844;8802;8800;8802;8801;8801;8802;8818;8810;8805;8785;8757;8755;8764;8766;8781;8797;8789;8778;8790;8811;8819;8820;8818;8819;8808;8792;8798;8808;
FC6;100;100;270;330;540
8877;8880;8894;8911;8912;8917;8936;8959;8980;8994;8995;8992;9005;9042;9063;9054;9065;9095;9094;9065;9057;9085;9115;9123;9129;9141;9144;9151;9168;9166;9153;9169;9227;9250;9265;9258;9257;9265;9260;9260;9296;9327;9323;9314;9329;9346;9352;9356;9356;9362;9380;9385;9374;9376;9385;9471;9476;9465;9476;9480;9454;9440;9463;9471;9451;9448;9451;9428;9417;9440;9449;9442;9442;9440;9437;9445;9443;9435;9419;9395;9394;9404;9388;9371;9379;9382;9380;9377;9366;9372;9392;9379;9357;9361;9370;9372;9365;9356;9355;9360;9358;9353;9354;9349;9349;9359;9366;9357;9350;9351;9296;9286;9297;9297;9294;9094;9101;9093;9094;9087;9077;9071;9060;9055;9066;9067;9055;9063;9080;9085;9079;9072;9064;9049;9034;9027;9025;9032;
FC5;100;100;380;110;540
8436;8437;8452;8454;8452;8471;8487;8484;8491;8498;8495;8489;8489;8509;8529;8530;8534;8548;8543;8528;8540;8566;8587;8595;8602;8608;8608;8610;8614;8610;8610;8622;8640;8652;8652;8657;8667;8666;8662;8673;8695;8704;8696;8693;8714;8729;8725;8725;8721;8708;8713;8734;8741;8737;8730;8696;8693;8682;8691;8694;8684;8702;8733;8728;8703;8686;8673;8666;8677;8679;8667;8665;8657;8648;8646;8634;8638;8663;8660;8640;8646;8651;8639;8637;8638;8626;8615;8607;8600;8602;8608;8609;8610;8595;8570;8568;8576;8566;8568;8583;8576;8586;8603;8585;8572;8589;8591;8574;8572;8567;8544;8536;8542;8548;8538;8316;8322;8316;8315;8297;8275;8278;8286;8280;8293;8312;8298;8287;8305;8308;8291;8284;8286;8290;8293;8284;8279;8287;
T8;100;100;160;330;540
8260;8255;8264;8278;8275;8267;8269;8277;8285;8284;8276;8276;8276;8279;8277;8268;8279;8289;8282;8284;8286;8272;8270;8284;8285;8280;8281;8284;8287;8283;8278;8283;8286;8286;8284;8284;8285;8284;8282;8282;8282;8282;8284;8287;8285;8283;8286;8286;8283;8286;8289;8286;8285;8286;8286;8283;8282;8282;8282;8282;8282;8282;8282;8282;8282;8282;8282;8282;8282;8282;8282;8282;8282;8282;8282;8282;8282;8283;8282;8282;8283;8281;8280;8283;8286;8284;8282;8284;8286;8284;8284;8286;8286;8283;8283;8284;8284;8284;8283;8283;8283;8284;8284;8283;8282;8282;8282;8282;8282;8282;8283;8283;8283;8282;8287;8263;8257;8258;8278;8280;8266;8268;8283;8284;8268;8256;8256;8261;8258;8259;8261;8257;8256;8269;8277;8263;8254;8261;
F7;100;100;160;110;540
9732;9721;9733;9737;9734;9741;9735;9730;9737;9730;9728;9737;9734;9738;9756;9753;9745;9754;9742;9722;9726;9742;9755;9766;9766;9755;9754;9758;9754;9743;9748;9765;9772;9783;9776;9766;9767;9767;9762;9762;9768;9768;9767;9764;9771;9783;9783;9788;9793;9787;9787;9804;9815;9818;9814;9826;9828;9829;9849;9860;9862;9885;9903;9897;9890;9886;9886;9885;9876;9870;9877;9877;9859;9861;9880;9860;9848;9893;9915;9899;9910;9926;9914;9904;9899;9890;9892;9881;9866;9874;9890;9888;9885;9889;9891;9889;9881;9875;9885;9907;9917;9918;9924;9921;9919;9938;9955;9952;9947;9936;9922;9924;9924;9927;9931;9864;9887;9892;9878;9861;9856;9855;9860;9879;9892;9887;9887;9894;9901;9914;9918;9902;9897;9907;9901;9889;9894;9892;
F8;100;100;50;440;540
8679;8690;8694;8692;8699;8703;8692;8703;8730;8735;8726;8714;8705;8724;8743;8726;8718;8728;8713;8686;8687;8714;8746;8755;8738;8724;8722;8725;8726;8706;8693;8713;8723;8731;8733;8726;8728;8731;8723;8725;8751;8761;8738;8721;8731;8747;8752;8753;8754;8756;8758;8751;8733;8726;8734;8627;8632;8627;8650;8665;8640;8623;8648;8665;8655;8640;8634;8634;8629;8630;8635;8635;8631;8628;8636;8634;8617;8611;8609;8593;8594;8609;8603;8597;8598;8580;8569;8569;8559;8563;8578;8570;8565;8574;8576;8584;8589;8579;8574;8579;8572;8563;8558;8546;8550;8571;8582;8573;8558;8559;8547;8541;8548;8546;8548;8445;8458;8440;8435;8438;8432;8425;8418;8420;8436;8437;8429;8448;8474;8470;8465;8472;8464;8445;8436;8429;8412;8411;
T7;100;100;50;220;540
8837;8836;8833;8834;8835;8832;8832;8835;8833;8833;8832;8831;8833;8836;8832;8829;8833;8832;8834;8841;8839;8835;8839;8837;8832;8825;8825;8832;8836;8835;8835;8835;8838;8835;8835;8842;8843;8837;8832;8833;8834;8833;8833;8835;8837;8837;8836;8836;8835;8833;8836;8841;8837;8831;8832;8844;8844;8842;8838;8834;8835;8837;8837;8837;8834;8837;8836;8834;8836;8838;8834;8836;8838;8837;8834;8836;8838;8838;8836;8835;8837;8837;8833;8832;8837;8837;8836;8836;8836;8836;8839;8836;8835;8841;8841;8836;8836;8837;8836;8838;8839;8839;8838;8837;8838;8838;8837;8837;8834;8834;8837;8835;8837;8836;8835;8837;8837;8836;8834;8834;8837;8835;8839;8846;8842;8835;8836;8838;8838;8838;8838;8838;8836;8839;8842;8840;8836;8837;
P8;100;100;50;330;540
8547;8536;8554;8576;8578;8593;8602;8583;8583;8607;8614;8601;8609;8648;8661;8635;8633;8653;8648;8629;8632;8650;8663;8673;8689;8692;8687;8693;8699;8704;8720;8725;8733;8740;8736;8739;8757;8769;8763;8755;8769;8790;8783;8774;8791;8797;8790;8809;8831;8827;8821;8833;8844;8851;8855;9005;9008;9001;9005;8997;8973;8970;8994;9007;8995;8979;8973;8979;8990;9004;9010;9003;9000;9000;8998;8999;9005;9007;8995;8975;8956;8939;8933;8951;8968;8969;8971;8974;8973;8970;8960;8942;8938;8949;8958;8964;8957;8944;8944;8946;8931;8918;8928;8925;8910;8909;8916;8918;8919;8917;8888;8879;8878;8896;8912;8732;8732;8724;8742;8751;8736;8730;8733;8728;8730;8727;8703;8704;8733;8737;8727;8731;8723;8700;8694;8697;8694;8692;
AF4;100;100;160;440;540
8260;8248;8248;8249;8250;8270;8284;8284;8302;8324;8313;8293;8303;8332;8332;8307;8307;8325;8323;8305;8306;8331;8363;8376;8363;8355;8364;8368;8362;8364;8380;8397;8459;8484;8478;8461;8467;8469;8466;8479;8511;8537;8533;8513;8519;8535;8526;8523;8536;8540;8554;8564;8556;8557;8562;8635;8635;8631;8648;8647;8626;8628;8643;8642;8640;8642;8626;8603;8612;8638;8640;8636;8642;8641;8639;8640;8637;8633;8614;8587;8592;8607;8610;8629;8637;8618;8622;8644;8637;8630;8637;8624;8603;8601;8606;8599;8577;8564;8585;8606;8599;8598;8611;8608;8603;8616;8618;8605;8601;8600;8564;8564;8567;8572;8576;8496;8514;8500;8493;8491;8474;8458;8458;8459;8455;8458;8465;8479;8496;8505;8507;8502;8492;8488;8476;8463;8471;8491;
F4;100;100;380;330;540
7808;7803;7809;7817;7818;7833;7845;7842;7844;7854;7850;7837;7850;7887;7889;7860;7868;7895;7887;7863;7865;7887;7907;7910;7908;7908;7907;7914;7926;7924;7919;7931;7954;7966;7962;7961;7979;7985;7977;7982;8004;8028;8030;8017;8022;8041;8042;8033;8034;8043;8064;8079;8068;8061;8065;8275;8264;8269;8290;8290;8276;8280;8289;8291;8290;8296;8297;8278;8277;8302;8308;8302;8303;8303;8311;8323;8320;8312;8301;8286;8289;8303;8302;8297;8310;8326;8333;8329;8327;8337;8346;8344;8337;8338;8336;8342;8348;8342;8344;8366;8377;8369;8372;8381;8387;8399;8406;8398;8386;8384;8352;8343;8346;8350;8361;8376;8381;8369;8366;8362;8350;8346;8347;8344;8349;8359;8364;8375;8385;8388;8395;8396;8382;8371;8363;8347;8348;8366;
gyroX;100;100;50;0;1
0;0;0;0;0;0;0;0;0;0;0;0;0;-1;-1;-1;0;0;0;0;0;0;0;0;0;0;0;0;0;0;0;0;-1;-1;0;-1;0;0;0;0;0;0;0;0;0;0;0;0;0;0;0;0;0;0;0;0;0;0;0;0;0;0;0;0;0;0;0;-1;-1;-1;0;0;0;0;0;0;0;0;0;0;0;0;0;0;0;0;0;0;0;0;0;0;0;0;0;0;0;0;0;0;0;0;0;0;0;0;0;0;0;0;0;0;0;0;0;0;0;0;0;0;0;0;0;0;0;0;0;0;0;0;0;0;0;0;0;0;0;0;
gyroY;100;100;160;0;1
0;-1;-1;-1;0;-1;-1;0;-1;0;0;0;0;0;0;0;0;0;-1;-1;-1;-1;-1;-1;-1;-1;-1;-1;-1;-1;-1;-1;0;0;0;0;0;0;-1;-1;-1;-1;-1;-1;0;-1;0;-1;0;0;0;0;0;0;0;-1;-1;-1;0;-1;0;-1;0;-1;-1;0;-1;-1;-1;0;0;0;0;0;0;0;0;-1;-1;-1;0;0;0;0;0;0;0;0;-1;-1;-1;-1;-1;-1;-1;-1;-1;-1;-1;-1;0;-1;0;0;-1;0;0;0;0;0;0;0;0;0;0;0;-1;-1;-1;-1;-1;-1;-1;-1;-1;-1;0;0;0;0;0;0;0;0;0;0;0;0;
O2;100;100;380;220;540
9348;9354;9345;9362;9409;9417;9375;9366;9406;9425;9414;9399;9429;9490;9470;9409;9409;9432;9434;9444;9446;9443;9469;9484;9478;9487;9509;9514;9509;9525;9540;9532;9547;9537;9524;9550;9579;9581;9565;9560;9590;9598;9559;9552;9577;9570;9575;9607;9602;9598;9625;9628;9617;9637;9648;9611;9575;9530;9564;9585;9537;9521;9550;9555;9566;9582;9556;9519;9533;9571;9579;9567;9555;9540;9540;9554;9566;9565;9552;9522;9472;9435;9456;9503;9528;9539;9550;9551;9546;9549;9551;9531;9503;9496;9505;9509;9503;9501;9508;9520;9503;9474;9490;9508;9480;9457;9478;9489;9464;9447;9439;9409;9425;9499;9501;9331;9333;9322;9353;9359;9344;9353;9356;9355;9366;9343;9306;9337;9382;9366;9348;9343;9317;9317;9331;9304;9296;9342;
O1;100;100;270;220;540
8793;8815;8823;8821;8834;8851;8840;8838;8859;8858;8846;8844;8839;8850;8885;8892;8859;8845;8863;8855;8837;8849;8860;8850;8862;8883;8879;8882;8902;8897;8876;8873;8889;8887;8884;8903;8903;8892;8900;8894;8887;8906;8916;8906;8909;8919;8933;8950;8942;8929;8937;8948;8951;8957;8964;9058;9076;9091;9066;9023;9017;9033;9035;9040;9068;9089;9081;9057;9071;9109;9108;9094;9102;9100;9083;9084;9092;9086;9071;9060;9072;9085;9075;9077;9102;9108;9100;9111;9121;9117;9120;9118;9098;9087;9098;9112;9106;9109;9124;9120;9097;9088;9086;9076;9085;9096;9080;9064;9075;9092;9064;9053;9055;9067;9067;9060;9066;9068;9064;9041;9027;9044;9068;9063;9040;9027;9038;9055;9053;9047;9034;8999;8980;9000;9024;9027;9027;9040;
AF3;100;100;50;110;540
8625;8620;8622;8617;8622;8651;8664;8661;8669;8676;8669;8667;8675;8687;8682;8662;8664;8680;8667;8635;8639;8673;8692;8692;8696;8696;8692;8700;8708;8694;8690;8705;8723;8733;8733;8735;8738;8736;8728;8730;8751;8764;8750;8738;8754;8772;8770;8767;8770;8777;8790;8806;8809;8804;8797;8839;8844;8838;8846;8850;8849;8859;8874;8878;8873;8870;8868;8864;8863;8869;8873;8871;8865;8864;8866;8867;8867;8870;8862;8854;8863;8878;8882;8881;8884;8879;8871;8868;8861;8856;8865;8868;8864;8864;8850;8841;8846;8844;8846;8862;8867;8872;8880;8874;8877;8894;8895;8889;8889;8885;8857;8845;8847;8855;8857;8790;8811;8805;8794;8779;8768;8772;8777;8775;8781;8785;8782;8791;8812;8820;8816;8808;8806;8808;8795;8778;8773;8775;
